#1							
#Basel							
# 48.34         7.45          283.7            1							
#							
# hy	Ta	G_Bh	G_Dh	RH	N	FF	DD
double tab1(1776,8)							
1	-1.75	0	0	69	100	1.44	270
2	-1.75	0	0	84	100	3.55	23.96
3	-1.75	0	0	88	100	13.55	253.01
4	-1.75	0	0	85	100	15.68	279.25
5	-1.75	0	0	92	100	11.63	291.8
6	-1.75	0	0	93	100	11.97	313.78
7	-1.75	0	0	92	100	8.15	315
8	-1.75	0	0	91	100	6.62	292.38
9	-1.75	0	0	82	100	13.04	276.34
10	-1.75	0	0	75	100	13.8	277.5
11	-1.75	0	0	68	100	14.04	270
12	-1.75	0	0	67	100	14.78	272.79
13	-1.75	0	0	64	100	14.76	270
14	-1.75	0	0	68	100	8.65	225
15	-1.75	0	0	63	100	9.47	261.25
16	-1.75	0	0	62	100	15.91	275.19
17	-1.75	0	0	67	100	16.24	282.8
18	-1.75	0	0	70	100	14.26	280.18
19	-1.75	0	0	74	100	9.75	274.24
20	-1.75	0	0	79	100	7.2	270
21	-1.75	0	0	80	100	7.41	240.95
22	-1.75	0	0	80	100	9.18	221.82
23	-1.75	0	0	76	100	8.94	220.1
24	-1.75	0	0	74	100	9.18	228.18
25	-1.75	0	0	76	100	9.36	247.38
26	-1.75	0	0	81	100	10.69	237.38
27	-1.75	0	0	83	100	9.59	235.71
28	-1.75	0	0	85	100	6.37	227.29
29	-1.75	0	0	85	100	5.62	219.81
30	-1.75	0	0	81	100	5.12	219.29
31	-1.75	0	0	83	100	2.9	172.87
32	-1.75	0	0	87	100	5.6	135
33	-1.75	0	0	87	100	6.37	132.71
34	-1.75	0	0	79	100	5.8	172.87
35	-1.75	0	0	65	100	18.08	257.35
36	-1.75	0	0	62	100	19.13	265.68
37	-1.75	0	0	57	100	18.53	245.92
38	-1.75	0	0	61	100	24.37	257.2
39	-1.75	0	0	60	100	24.19	255.34
40	-1.75	0	0	60	100	24.5	259.85
41	-1.75	0	0	60	100	19.65	261.57
42	-1.75	0	0	63	100	12.92	257.13
43	-1.75	0	0	67	100	6.7	216.25
44	-1.75	0	0	79	100	9.23	159.44
45	-1.75	0	0	84	100	8.7	155.56
46	-1.75	0	0	81	100	9.16	135
47	-1.75	0	0	82	100	11.12	119.05
48	-1.75	0	0	85	100	9.89	146.89
49	-1.75	0	0	86	100	19.26	110.81
50	-1.75	0	0	78	100	18.84	135
51	-1.75	0	0	69	100	17.82	135
52	-1.75	0	0	71	100	18.08	134.19
53	-1.75	0	0	82	100	14.57	129.99
54	-1.75	0	0	83	100	16.2	126.87
55	-1.75	0	0	89	100	13.89	121.22
56	-1.75	0	0	92	100	10.93	107.24
57	-1.75	0	0	90	100	6.15	110.56
58	-1.75	0	0	91	100	4.38	99.46
59	-1.75	0	0	88	100	3.6	90
60	-1.75	0	0	84	100	3.88	338.2
61	-1.75	0	0	79	100	9.9	250.91
62	-1.75	0	0	75	100	14.08	122.47
63	-1.75	0	0	63	100	11.53	165.53
64	-1.75	0	0	66	100	12.25	181.68
65	-1.75	0	0	69	100	3.32	192.53
66	-1.75	0	0	78	100	7.09	336.04
67	-1.75	0	0	81	100	6.84	360
68	-1.75	0	0	87	100	6.12	28.07
69	-1.75	0	0	92	100	6.15	20.56
70	-1.75	0	0	77	100	8.4	260.13
71	-1.75	0	0	75	100	14.51	240.26
72	-1.75	0	0	76	100	12.78	237.65
73	-1.75	0	0	78	100	13.22	240.64
74	-1.75	0	0	80	100	16.97	252.72
75	-1.75	0	0	83	100	20.97	254.05
76	-1.75	0	0	84	100	23.83	265.67
77	-1.75	0	0	86	100	19.96	262.75
78	-1.75	0	0	85	100	21.19	260.22
79	-1.75	0	0	85	100	23.02	260.1
80	-1.75	0	0	86	100	23.86	264.81
81	-1.75	0	0	84	100	23.44	259.38
82	-1.75	0	0	83	100	25.92	260.41
83	-1.75	0	0	81	100	26.8	263.83
84	-1.75	0	0	75	100	28.16	265.6
85	-1.75	0	0	73	100	25.57	268.39
86	-1.75	0	0	68	100	23.8	266.53
87	-1.75	0	0	67	100	23.5	264.73
88	-1.75	0	0	65	100	18.81	264.51
89	-1.75	0	0	66	100	18.78	265.6
90	-1.75	0	0	70	100	13.28	257.47
91	-1.75	0	0	67	100	10.16	247.07
92	-1.75	0	0	69	100	13.1	249.08
93	-1.75	0	0	70	100	13.04	242.02
94	-1.75	0	0	66	100	16.18	237.72
95	-1.75	0	0	72	100	14.33	244.72
96	-1.75	0	0	71	100	13.89	238.78
97	-1.75	0	0	76	100	13.04	242.02
98	-1.75	0	0	79	100	10.5	239.04
99	-1.75	0	0	83	100	10.5	247.83
100	-1.75	0	0	83	100	10.7	250.35
101	-1.75	0	0	84	100	9	253.74
102	-1.75	0	0	86	100	8.43	250.02
103	-1.75	0	0	81	100	9.83	246.25
104	-1.75	0	0	79	100	9.29	234.46
105	-1.75	0	0	77	100	9.69	228.01
106	-1.75	0	0	77	100	10.18	261.87
107	-1.75	0	0	81	100	10.31	282.09
108	-1.75	0	0	84	100	6.21	280.01
109	-1.75	0	0	81	100	2.1	329.04
110	-1.75	0	0	61	100	4.33	355.24
111	-1.75	0	0	59	100	4.68	360
112	-1.75	0	0	58	100	6.49	356.82
113	-1.75	0	0	59	100	10.18	351.87
114	-1.75	0	0	60	100	12.24	360
115	-1.75	0	0	65	100	12.98	356.82
116	-1.75	0	0	72	100	11.54	356.42
117	-1.75	0	0	77	100	10.54	352.15
118	-1.75	0	0	80	100	7.52	343.3
119	-1.75	0	0	84	100	5.48	336.8
120	-1.75	0	0	82	100	3.55	336.04
121	-1.75	0	0	82	100	2.19	350.54
122	-1.75	0	0	82	100	1.3	33.69
123	-1.75	0	0	84	100	1.3	123.69
124	-1.75	0	0	84	100	0.51	315
125	-1.75	0	0	85	100	1.84	258.69
126	-1.75	0	0	85	100	2.31	308.66
127	-1.75	0	0	86	100	2.28	341.57
128	-1.75	0	0	88	100	2.62	344.05
129	-1.75	0	0	86	100	1.44	360
130	-1.75	0	0	77	100	3.55	66.04
131	-1.75	0	0	66	100	6.83	71.57
132	-1.75	0	0	62	100	6.95	21.25
133	-1.75	0	0	63	100	11.09	346.87
134	-1.75	0	0	63	100	9.18	334.44
135	-1.75	0	0	59	100	10.46	333.43
136	-1.75	0	0	58	100	11.17	339.23
137	-1.75	0	0	58	100	8.85	333.43
138	-1.75	0	0	63	100	6.92	321.34
139	-1.75	0	0	66	100	6.13	319.76
140	-1.75	0	0	68	100	3.22	296.57
141	-1.75	0	0	69	100	3.22	243.43
142	-1.75	0	0	71	100	3.83	221.19
143	-1.75	0	0	75	100	2.6	236.31
144	-1.75	0	0	77	100	2.6	236.31
145	-1.75	0	0	78	100	3.88	248.2
146	-1.75	0	0	79	100	3.83	228.81
147	-1.75	0	0	76	100	6.88	186.01
148	-1.75	0	0	81	100	7.24	174.29
149	-1.75	0	0	82	100	5.35	160.35
150	-1.75	0	0	82	100	4.33	138.37
151	-1.75	0	0	82	100	5.59	165.07
152	-1.75	0	0	81	100	8.21	195.26
153	-1.75	0	0	80	100	8.67	184.76
154	-1.75	0	0	75	100	4.55	161.57
155	-1.75	0	0	69	100	5.59	255.07
156	-1.75	0	0	57	100	11.17	271.85
157	-1.75	0	0	52	100	15.88	273.9
158	-1.75	0	0	51	100	17.28	270
159	-1.75	0	0	55	100	19.6	277.39
160	-1.75	0	0	56	100	17.28	268.81
161	-1.75	0	0	61	100	15.84	270
162	-1.75	0	0	67	100	13.49	279.21
163	-1.75	0	0	74	100	12.96	271.59
164	-1.75	0	0	78	100	13.76	276.01
165	-1.75	0	0	83	100	12.98	289.44
166	-1.75	0	0	87	100	10.64	293.96
167	-1.75	0	0	88	100	8.05	280.3
168	-1.75	0	0	89	100	6.12	270
169	-1.75	0	0	88	100	5.01	248.96
170	-1.75	0	0	87	100	5.09	261.87
171	-1.75	0	0	88	100	3.55	293.96
172	-1.75	0	0	90	100	2.9	352.88
173	-1.75	0	0	94	100	3.6	53.13
174	-1.75	0	0	95	100	4.33	94.76
175	-1.75	0	0	95	100	4.45	104.04
176	-1.75	0	0	95	100	1.8	90
177	-1.75	0	0	94	100	0.51	315
178	-1.75	0	0	91	100	2.04	315
179	-1.75	0	0	84	100	3.6	323.13
180	-1.75	0	0	76	100	7.75	338.2
181	-1.75	0	0	64	100	9.79	342.9
182	-1.75	0	0	49	100	11.92	28.89
183	-1.75	0	0	46	100	10.97	41.01
184	-1.75	0	0	44	100	10.19	57.99
185	-1.75	0	0	46	100	9.93	46.47
186	-1.75	0	0	51	100	9.02	28.61
187	-1.75	0	0	64	100	8.31	17.65
188	-1.75	0	0	76	100	5.62	50.19
189	-1.75	0	0	79	100	6.29	76.76
190	-1.75	0	0	83	100	4.74	98.75
191	-1.75	0	0	86	100	4.8	77.01
192	-1.75	0	0	87	100	4.69	85.6
193	-1.75	0	0	87	100	5.41	93.81
194	-1.75	0	0	86	100	4.21	109.98
195	-1.75	0	0	85	100	2.74	113.2
196	-1.75	0	0	88	100	1.14	71.57
197	-1.75	0	0	93	100	0.72	360
198	-1.75	0	0	92	100	1.84	258.69
199	-1.75	0	0	92	100	2.19	260.54
200	-1.75	0	0	92	100	1.14	251.57
201	-1.75	0	0	91	100	0	180
202	-1.75	0	0	89	100	1.94	338.2
203	-1.75	0	0	85	100	3.4	327.99
204	-1.75	0	0	78	100	4.8	347.01
205	-1.75	0	0	73	100	7.52	343.3
206	-1.75	0	0	66	100	5.77	3.58
207	-1.75	0	0	63	100	5.41	356.19
208	-1.75	0	0	61	100	3.96	360
209	-1.75	0	0	60	100	1.84	348.69
210	-1.75	0	0	63	100	2.81	320.19
211	-1.75	0	0	67	100	2.55	315
212	-1.75	0	0	70	100	0.51	225
213	-1.75	0	0	71	100	2.55	171.87
214	-1.75	0	0	70	100	5.35	132.27
215	-1.75	0	0	68	100	10.19	122.01
216	-1.75	0	0	72	100	12.98	123.69
217	-1.75	0	0	74	100	9.09	123.69
218	-1.75	0	0	81	100	6.15	110.56
219	-1.75	0	0	80	100	9.34	117.55
220	-1.75	0	0	82	100	8.09	110.85
221	-1.75	0	0	85	100	6.57	99.46
222	-1.75	0	0	84	100	4.83	116.57
223	-1.75	0	0	82	100	5.63	116.57
224	-1.75	0	0	77	100	5.94	104.04
225	-1.75	0	0	76	100	6.52	96.34
226	-1.75	0	0	74	100	4.9	107.1
227	-1.75	0	0	66	100	3.6	90
228	-1.75	0	0	62	100	4.2	59.04
229	-1.75	0	0	56	100	6.29	23.63
230	-1.75	0	0	64	100	2.28	288.43
231	-1.75	0	0	59	100	3.22	333.43
232	-1.75	0	0	58	100	2.41	333.43
233	-1.75	0	0	59	100	2.62	344.05
234	-1.75	0	0	60	100	5	329.74
235	-1.75	0	0	60	100	4.9	306.03
236	-1.75	0	0	63	100	3.89	326.31
237	-1.75	0	0	66	100	2.52	270
238	-1.75	0	0	67	100	2.52	270
239	-1.75	0	0	68	100	1.08	270
240	-1.75	0	0	70	100	1.3	303.69
241	-1.75	0	0	75	100	2.97	345.96
242	-1.75	0	0	80	100	3.89	326.31
243	-1.75	0	0	82	100	3.67	281.31
244	-1.75	0	0	83	100	2.9	262.88
245	-1.75	0	0	85	100	2.28	198.43
246	-1.75	0	0	84	100	2.31	141.34
247	-1.75	0	0	86	100	2.97	104.04
248	-1.75	0	0	90	100	3.08	69.44
249	-1.75	0	0	94	100	1.02	45
250	-1.75	0	0	89	100	1.53	225
251	-1.75	0	0	79	100	1.53	225
252	-1.75	0	0	73	100	0	180
253	-1.75	0	0	67	100	3.24	360
254	-1.75	0	0	60	100	5.96	334.98
255	-1.75	0	0	58	100	6.79	327.99
256	-1.75	0	0	56	100	7.41	330.95
257	-1.75	0	0	56	100	8.37	334.54
258	-1.75	0	0	59	100	8.4	329.04
259	-1.75	0	0	61	100	6.99	304.51
260	-1.75	0	0	62	100	6.83	288.43
261	-1.75	0	0	65	100	4.38	279.46
262	-1.75	0	0	66	100	4.38	260.54
263	-1.75	0	0	68	100	2.16	270
264	-1.75	0	0	70	100	1.48	345.96
265	-1.75	0	0	74	100	1.14	18.43
266	-1.75	0	0	77	100	0.72	360
267	-1.75	0	0	80	100	1.14	108.43
268	-1.75	0	0	82	100	2.97	104.04
269	-1.75	0	0	85	100	3.96	90
270	-1.75	0	0	88	100	3.32	77.47
271	-1.75	0	0	89	100	2.1	59.04
272	-1.75	0	0	91	100	1.3	33.69
273	-1.75	0	0	93	100	1.84	78.69
274	-1.75	0	0	88	100	2.9	119.74
275	-1.75	0	0	79	100	6.15	110.56
276	-1.75	0	0	77	100	8.12	102.8
277	-1.75	0	0	74	100	7.64	98.13
278	-1.75	0	0	67	100	1.8	90
279	-1.75	0	0	64	100	1.84	11.31
280	-1.75	0	0	63	100	2.74	336.8
281	-1.75	0	0	65	100	1.3	326.31
282	-1.75	0	0	67	100	1.84	348.69
283	-1.75	0	0	65	100	7.41	330.95
284	-1.75	0	0	67	100	6.12	298.07
285	-1.75	0	0	75	100	5.82	248.2
286	-1.75	0	0	78	100	6.03	197.35
287	-1.75	0	0	81	100	6.84	180
288	-1.75	0	0	82	100	4.83	153.43
289	-1.75	0	0	78	100	7.09	113.96
290	-1.75	0	0	79	100	7.86	105.95
291	-1.75	0	0	81	100	7.9	114.23
292	-1.75	0	0	80	100	6.49	123.69
293	-1.75	0	0	78	100	4.58	135
294	-1.75	0	0	73	100	5.35	160.35
295	-1.75	0	0	69	100	6.12	151.93
296	-1.75	0	0	68	100	9.29	125.54
297	-1.75	0	0	70	100	9.5	114.62
298	-1.75	0	0	73	100	7.41	119.05
299	-1.75	0	0	71	100	4.2	120.96
300	-1.75	0	0	60	100	6.61	299.36
301	-1.75	0	0	57	100	20.04	287.78
302	-1.75	0	0	73	100	11.89	268.26
303	-1.75	0	0	69	100	18.71	258.91
304	-1.75	0	0	71	100	20.16	268.98
305	-1.75	0	0	77	100	15.63	262.06
306	-1.75	0	0	76	100	13.01	255.58
307	-1.75	0	0	75	100	10.46	243.43
308	-1.75	0	0	76	100	10.79	244.29
309	-1.75	0	0	77	100	10.5	247.83
310	-1.75	0	0	81	100	10.03	248.96
311	-1.75	0	0	85	100	9	253.74
312	-1.75	0	0	87	100	9.69	248.2
313	-1.75	0	0	88	100	11.44	257.28
314	-1.75	0	0	90	100	10.95	260.54
315	-1.75	0	0	91	100	7.42	255.96
316	-1.75	0	0	91	100	6.03	252.65
317	-1.75	0	0	93	100	6.73	254.48
318	-1.75	0	0	93	100	6.15	249.44
319	-1.75	0	0	92	100	4.69	237.53
320	-1.75	0	0	92	100	4.33	228.37
321	-1.75	0	0	92	100	2.31	218.66
322	-1.75	0	0	91	100	2.9	330.26
323	-1.75	0	0	90	100	3.6	360
324	-1.75	0	0	89	100	3.4	32.01
325	-1.75	0	0	82	100	5.9	52.43
326	-1.75	0	0	68	100	9.42	46.55
327	-1.75	0	0	69	100	10.95	9.46
328	-1.75	0	0	73	100	6.15	20.56
329	-1.75	0	0	70	100	7.29	69.78
330	-1.75	0	0	64	100	11.5	69.86
331	-1.75	0	0	71	100	9.02	61.39
332	-1.75	0	0	74	100	8.5	53.62
333	-1.75	0	0	77	100	6.49	33.69
334	-1.75	0	0	83	100	6.99	348.11
335	-1.75	0	0	90	100	5.69	325.3
336	-1.75	0	0	95	100	3.67	258.69
337	-1.75	0	0	95	100	4.58	225
338	-1.75	0	0	96	100	4.21	250.02
339	-1.75	0	0	96	100	4.32	270
340	-1.75	0	0	95	100	4.38	260.54
341	-1.75	0	0	95	100	4.68	270
342	-1.75	0	0	95	100	4.74	278.75
343	-1.75	0	0	95	100	2.28	251.57
344	-1.75	0	0	95	100	1.14	251.57
345	-1.75	0	0	95	100	2.41	296.57
346	-1.75	0	0	93	100	2.9	330.26
347	-1.75	0	0	93	100	4.45	345.96
348	-1.75	0	0	93	100	6.15	339.44
349	-1.75	0	0	93	100	8.05	333.43
350	-1.75	0	0	76	100	10.59	350.22
351	-1.75	0	0	70	100	11.44	347.28
352	-1.75	0	0	69	100	9.9	340.91
353	-1.75	0	0	68	100	10.95	332.59
354	-1.75	0	0	73	100	10.38	326.31
355	-1.75	0	0	79	100	8.15	315
356	-1.75	0	0	83	100	5.9	307.57
357	-1.75	0	0	86	100	2.9	277.13
358	-1.75	0	0	87	100	4.2	239.04
359	-1.75	0	0	88	100	3.67	258.69
360	-1.75	0	0	87	100	3.88	248.2
361	-1.75	0	0	87	100	3.22	243.43
362	-1.75	0	0	87	100	1.8	233.13
363	-1.75	0	0	89	100	0.8	63.43
364	-1.75	0	0	93	100	0.72	90
365	-1.75	0	0	96	100	0.51	135
366	-1.75	0	0	95	100	1.8	180
367	-1.75	0	0	93	100	1.8	143.13
368	-1.75	0	0	93	100	1.61	116.57
369	-1.75	0	0	93	100	1.08	90
370	-1.75	0	0	90	100	1.02	315
371	-1.75	0	0	84	100	4.02	296.57
372	-1.75	0	0	79	100	5.5	301.61
373	-1.75	0	0	75	100	6.13	310.24
374	-1.75	0	0	81	100	6.57	350.54
375	-1.75	0	0	81	100	5.45	352.41
376	-1.75	0	0	81	100	5.09	351.87
377	-1.75	0	0	81	100	7.07	345.26
378	-1.75	0	0	81	100	7.75	338.2
379	-1.75	0	0	81	100	6.29	346.76
380	-1.75	0	0	81	100	6.95	338.75
381	-1.75	0	0	82	100	8.09	327.72
382	-1.75	0	0	82	100	7.64	315
383	-1.75	0	0	83	100	7.73	297.76
384	-1.75	0	0	84	100	8.4	279.87
385	-1.75	0	0	82	100	8.29	272.49
386	-1.75	0	0	80	100	9.03	274.57
387	-1.75	0	0	80	100	9.36	270
388	-1.75	0	0	79	100	10.11	274.09
389	-1.75	0	0	80	100	10.8	270
390	-1.75	0	0	79	100	10.14	263.88
391	-1.75	0	0	81	100	8.47	257.74
392	-1.75	0	0	81	100	7.24	264.29
393	-1.75	0	0	83	100	9.01	267.71
394	-1.75	0	0	78	100	12.37	261.63
395	-1.75	0	0	73	100	13.76	263.99
396	-1.75	0	0	70	100	14.4	271.43
397	-1.75	0	0	67	100	13.98	281.89
398	-1.75	0	0	60	100	10.37	290.32
399	-1.75	0	0	58	100	11.04	289.03
400	-1.75	0	0	59	100	11.53	284.47
401	-1.75	0	0	62	100	11.53	284.47
402	-1.75	0	0	67	100	10.31	282.09
403	-1.75	0	0	72	100	9.42	276.58
404	-1.75	0	0	75	100	7.93	267.4
405	-1.75	0	0	78	100	7.77	256.61
406	-1.75	0	0	81	100	8.05	243.43
407	-1.75	0	0	85	100	8.29	235.62
408	-1.75	0	0	86	100	7.65	221.19
409	-1.75	0	0	85	100	7.73	207.76
410	-1.75	0	0	85	100	6.38	196.39
411	-1.75	0	0	85	100	5.59	194.93
412	-1.75	0	0	82	100	6.13	183.37
413	-1.75	0	0	81	100	5.77	176.42
414	-1.75	0	0	82	100	5.8	172.87
415	-1.75	0	0	83	100	5.15	167.91
416	-1.75	0	0	82	100	3.89	146.31
417	-1.75	0	0	81	100	4.02	153.43
418	-1.75	0	0	78	100	4.33	138.37
419	-1.75	0	0	71	100	5.59	104.93
420	-1.75	0	0	67	100	6.64	77.47
421	-1.75	0	0	65	100	5.19	33.69
422	-1.75	0	0	61	100	4.83	26.57
423	-1.75	0	0	59	100	7.21	357.14
424	-1.75	0	0	59	100	9.69	344.93
425	-1.75	0	0	60	100	8.56	337.75
426	-1.75	0	0	64	100	6.99	325.49
427	-1.75	0	0	67	100	5.48	293.2
428	-1.75	0	0	69	100	4.74	261.25
429	-1.75	0	0	71	100	3.88	248.2
430	-1.75	0	0	73	100	3.83	228.81
431	-1.75	0	0	76	100	3.4	237.99
432	-1.75	0	0	78	100	2.81	219.81
433	-1.75	0	0	81	100	3.55	203.96
434	-1.75	0	0	83	100	3.88	201.8
435	-1.75	0	0	85	100	3.26	186.34
436	-1.75	0	0	86	100	2.52	180
437	-1.75	0	0	86	100	3.24	180
438	-1.75	0	0	86	100	3.42	161.57
439	-1.75	0	0	86	100	3.4	147.99
440	-1.75	0	0	87	100	3.67	101.31
441	-1.75	0	0	92	100	4.32	90
442	-1.75	0	0	91	100	1.94	111.8
443	-1.75	0	0	82	100	1.44	90
444	-1.75	0	0	75	100	1.61	63.43
445	-1.75	0	0	67	100	2.62	15.95
446	-1.75	0	0	63	100	5.99	32.74
447	-1.75	0	0	58	100	6.88	353.99
448	-1.75	0	0	57	100	7.42	337.17
449	-1.75	0	0	59	100	7.41	330.95
450	-1.75	0	0	61	100	6.7	323.75
451	-1.75	0	0	64	100	4.74	278.75
452	-1.75	0	0	66	100	4.45	255.96
453	-1.75	0	0	68	100	4.35	245.56
454	-1.75	0	0	70	100	4.2	239.04
455	-1.75	0	0	73	100	3.6	233.13
456	-1.75	0	0	75	100	1.61	243.43
457	-1.75	0	0	80	100	1.61	296.57
458	-1.75	0	0	86	100	2.74	293.2
459	-1.75	0	0	91	100	2.9	277.13
460	-1.75	0	0	95	100	2.19	279.46
461	-1.75	0	0	96	100	0.8	206.57
462	-1.75	0	0	97	100	1.8	180
463	-1.75	0	0	98	100	1.61	153.43
464	-1.75	0	0	97	100	1.61	116.57
465	-1.75	0	0	95	100	2.55	98.13
466	-1.75	0	0	94	100	2.52	90
467	-1.75	0	0	85	100	4.69	94.4
468	-1.75	0	0	74	100	6.48	90
469	-1.75	0	0	66	100	8.65	87.61
470	-1.75	0	0	56	100	12.24	90
471	-1.75	0	0	53	100	10.9	82.41
472	-1.75	0	0	53	100	9.96	77.47
473	-1.75	0	0	57	100	7.29	69.78
474	-1.75	0	0	62	100	4.51	61.39
475	-1.75	0	0	71	100	3.32	77.47
476	-1.75	0	0	79	100	4.2	120.96
477	-1.75	0	0	79	100	4.9	126.03
478	-1.75	0	0	77	100	6.12	118.07
479	-1.75	0	0	75	100	6.12	118.07
480	-1.75	0	0	75	100	5.48	113.2
481	-1.75	0	0	75	100	5.15	114.78
482	-1.75	0	0	75	100	5.19	123.69
483	-1.75	0	0	77	100	6.3	120.96
484	-1.75	0	0	76	100	4.84	131.99
485	-1.75	0	0	75	100	4.1	142.13
486	-1.75	0	0	78	100	4.51	151.39
487	-1.75	0	0	75	100	4.39	145.01
488	-1.75	0	0	72	100	5.99	147.26
489	-1.75	0	0	74	100	7.2	126.87
490	-1.75	0	0	79	100	8.09	110.85
491	-1.75	0	0	78	100	2.74	113.2
492	-1.75	0	0	68	100	4.55	288.43
493	-1.75	0	0	67	100	11.87	284.04
494	-1.75	0	0	62	100	13.63	282.2
495	-1.75	0	0	60	100	13.44	277.7
496	-1.75	0	0	59	100	12.68	276.52
497	-1.75	0	0	61	100	8.47	282.26
498	-1.75	0	0	65	100	6.99	304.51
499	-1.75	0	0	68	100	5.4	323.13
500	-1.75	0	0	73	100	3.56	315
501	-1.75	0	0	76	100	3.98	275.19
502	-1.75	0	0	79	100	5.4	270
503	-1.75	0	0	80	100	6.99	281.89
504	-1.75	0	0	83	100	6.29	293.63
505	-1.75	0	0	86	100	4.55	288.43
506	-1.75	0	0	88	100	3.6	270
507	-1.75	0	0	89	100	2.88	270
508	-1.75	0	0	90	100	2.16	270
509	-1.75	0	0	92	100	1.8	306.87
510	-1.75	0	0	93	100	2.55	351.87
511	-1.75	0	0	93	100	2.9	352.88
512	-1.75	0	0	93	100	2.41	333.43
513	-1.75	0	0	94	100	3.55	336.04
514	-1.75	0	0	92	100	3.62	354.29
515	-1.75	0	0	88	100	3.6	360
516	-1.75	0	0	84	100	5.96	25.02
517	-1.75	0	0	74	100	11.44	61.82
518	-1.75	0	0	56	100	19.16	61.99
519	-1.75	0	0	54	100	21.58	62.15
520	-1.75	0	0	56	100	25.19	59.04
521	-1.75	0	0	59	100	25.92	52.33
522	-1.75	0	0	62	100	22.49	50.19
523	-1.75	0	0	64	100	19.3	53.34
524	-1.75	0	0	65	100	20.09	53.75
525	-1.75	0	0	68	100	17.1	49.27
526	-1.75	0	0	71	100	14.02	48.12
527	-1.75	0	0	70	100	13.78	49.24
528	-1.75	0	0	70	100	11.46	43.73
529	-1.75	0	0	73	100	9.73	38.99
530	-1.75	0	0	79	100	8.71	29.74
531	-1.75	0	0	86	100	6.79	32.01
532	-1.75	0	0	92	100	4.9	342.9
533	-1.75	0	0	94	100	7.15	319.09
534	-1.75	0	0	94	100	8.71	308.29
535	-1.75	0	0	94	100	10.46	310.82
536	-1.75	0	0	93	100	9.2	300.58
537	-1.75	0	0	93	100	9.51	299.48
538	-1.75	0	0	88	100	8.79	304.99
539	-1.75	0	0	81	100	7.9	316.85
540	-1.75	0	0	74	100	5.15	335.22
541	-1.75	0	0	66	100	5.04	360
542	-1.75	0	0	49	100	16.78	67.29
543	-1.75	0	0	43	100	21.22	75.26
544	-1.75	0	0	45	100	23.32	81.12
545	-1.75	0	0	47	100	19.06	79.11
546	-1.75	0	0	53	100	14.51	66.61
547	-1.75	0	0	59	100	11.97	68.84
548	-1.75	0	0	64	100	9.57	70.2
549	-1.75	0	0	66	100	5.62	50.19
550	-1.75	0	0	74	100	3.05	315
551	-1.75	0	0	85	100	6.16	276.71
552	-1.75	0	0	89	100	5.86	280.62
553	-1.75	0	0	88	100	5.69	288.43
554	-1.75	0	0	86	100	6.29	293.63
555	-1.75	0	0	86	100	4.68	292.62
556	-1.75	0	0	87	100	2.04	315
557	-1.75	0	0	87	100	1.08	90
558	-1.75	0	0	86	100	2.9	119.74
559	-1.75	0	0	86	100	5.35	109.65
560	-1.75	0	0	82	100	9.45	107.74
561	-1.75	0	0	81	100	12.52	108.43
562	-1.75	0	0	77	100	16.18	110.85
563	-1.75	0	0	72	100	20.52	111.61
564	-1.75	0	0	66	100	19.59	107.1
565	-1.75	0	0	62	100	16.45	100.08
566	-1.75	0	0	58	100	16.62	107.65
567	-1.75	0	0	56	100	15.27	98.13
568	-1.75	0	0	56	100	13.34	93.09
569	-1.75	0	0	59	100	9.96	77.47
570	-1.75	0	0	64	100	6.49	56.31
571	-1.75	0	0	72	100	2.9	82.87
572	-1.75	0	0	74	100	3.6	143.13
573	-1.75	0	0	76	100	6.13	130.24
574	-1.75	0	0	82	100	7.1	120.47
575	-1.75	0	0	86	100	7.73	117.76
576	-1.75	0	0	88	100	7.57	115.35
577	-1.75	0	0	88	100	7.29	110.22
578	-1.75	0	0	87	100	6.95	111.25
579	-1.75	0	0	87	100	6.73	105.52
580	-1.75	0	0	88	100	6.49	109.44
581	-1.75	0	0	85	100	6.38	106.39
582	-1.75	0	0	84	100	6.88	96.01
583	-1.75	0	0	86	100	6.92	98.97
584	-1.75	0	0	88	100	5.4	90
585	-1.75	0	0	93	100	3.67	78.69
586	-1.75	0	0	87	100	1.84	348.69
587	-1.75	0	0	78	100	5.4	323.13
588	-1.75	0	0	69	100	9.42	316.55
589	-1.75	0	0	61	100	10.46	319.18
590	-1.75	0	0	60	100	10.95	316.33
591	-1.75	0	0	58	100	14.34	321.12
592	-1.75	0	0	57	100	17.5	323.37
593	-1.75	0	0	57	100	17.57	315.83
594	-1.75	0	0	61	100	14.98	305.22
595	-1.75	0	0	63	100	15.12	308.23
596	-1.75	0	0	65	100	15.35	309.29
597	-1.75	0	0	67	100	15.99	305.84
598	-1.75	0	0	66	100	15.19	306.33
599	-1.75	0	0	67	100	14.62	308
600	-1.75	0	0	69	100	14.26	312.95
601	-1.75	0	0	72	100	14.53	311.99
602	-1.75	0	0	74	100	14.8	311.05
603	-1.75	0	0	74	100	13.22	299.36
604	-1.75	0	0	74	100	11.3	292.48
605	-1.75	0	0	74	100	8.89	301.76
606	-1.75	0	0	75	100	6.99	304.51
607	-1.75	0	0	77	100	6.37	312.71
608	-1.75	0	0	80	100	5.69	304.7
609	-1.75	0	0	82	100	7.59	301.43
610	-1.75	0	0	85	100	10.63	298.3
611	-1.75	0	0	85	100	12.14	281.98
612	-1.75	0	0	76	100	10.74	283.57
613	-1.75	0	0	72	100	11.38	288.43
614	-1.75	0	0	59	100	23.4	269.12
615	-1.75	0	0	60	100	28.45	268.55
616	-1.75	0	0	60	100	28.44	270
617	-1.75	0	0	61	100	28.27	263.42
618	-1.75	0	0	67	100	26.28	260.54
619	-1.75	0	0	68	100	30.22	254.8
620	-1.75	0	0	70	100	28.36	246.04
621	-1.75	0	0	70	100	29.2	239.64
622	-1.75	0	0	64	100	31.57	225.92
623	-1.75	0	0	68	100	32.34	226.35
624	-1.75	0	0	71	100	37.68	225.77
625	-1.75	0	0	72	100	49.45	222.05
626	-1.75	0	0	68	100	58.18	220.99
627	-1.75	0	0	67	100	61.87	223.82
628	-1.75	0	0	66	100	63.02	228.94
629	-1.75	0	0	67	100	55.3	233.2
630	-1.75	0	0	73	100	45.94	237.8
631	-1.75	0	0	77	100	39.88	239.04
632	-1.75	0	0	82	100	39.68	233.86
633	-1.75	0	0	80	100	36.84	236.15
634	-1.75	0	0	84	100	47.8	247.88
635	-1.75	0	0	77	100	36.81	266.07
636	-1.75	0	0	69	100	29.57	266.51
637	-1.75	0	0	64	100	29.38	262.96
638	-1.75	0	0	68	100	19.83	273.12
639	-1.75	0	0	63	100	16.26	275.08
640	-1.75	0	0	61	100	13.7	273.01
641	-1.75	0	0	61	100	10.59	279.78
642	-1.75	0	0	66	100	6.49	289.44
643	-1.75	0	0	68	100	1.8	270
644	-1.75	0	0	70	100	3.62	185.71
645	-1.75	0	0	74	100	5.41	176.19
646	-1.75	0	0	80	100	6.57	170.54
647	-1.75	0	0	84	100	5.09	188.13
648	-1.75	0	0	89	100	8.4	239.04
649	-1.75	0	0	82	100	8.56	194.62
650	-1.75	0	0	84	100	6.64	192.53
651	-1.75	0	0	86	100	5.41	183.81
652	-1.75	0	0	86	100	4.35	204.44
653	-1.75	0	0	87	100	5.35	222.27
654	-1.75	0	0	87	100	7.73	242.24
655	-1.75	0	0	79	100	11.75	242.65
656	-1.75	0	0	77	100	11.5	249.86
657	-1.75	0	0	80	100	10.66	258.31
658	-1.75	0	0	78	100	10.5	264.09
659	-1.75	0	0	65	100	14.87	263.05
660	-1.75	0	0	67	100	22.68	270.91
661	-1.75	0	0	75	100	18.18	277.97
662	-1.75	0	0	68	100	11.38	304.7
663	-1.75	0	0	68	100	12.18	304.16
664	-1.75	0	0	67	100	12.26	310.24
665	-1.75	0	0	68	100	12.22	315
666	-1.75	0	0	67	100	9.45	319.64
667	-1.75	0	0	71	100	7.9	335.77
668	-1.75	0	0	70	100	6.85	3.01
669	-1.75	0	0	71	100	6.99	325.49
670	-1.75	0	0	75	100	9.45	319.64
671	-1.75	0	0	81	100	8.16	318.58
672	-1.75	0	0	84	100	7.1	300.47
673	-1.75	0	0	86	100	7.86	285.95
674	-1.75	0	0	87	100	8.47	282.26
675	-1.75	0	0	86	100	9.26	283.5
676	-1.75	0	0	83	100	9.5	294.62
677	-1.75	0	0	84	100	7.42	284.04
678	-1.75	0	0	82	100	7.92	270
679	-1.75	0	0	83	100	9.89	280.49
680	-1.75	0	0	92	100	11.53	268.21
681	-1.75	0	0	94	100	16.87	320.19
682	-1.75	0	0	91	100	22.31	349.78
683	-1.75	0	0	85	100	18.58	338.4
684	-1.75	0	0	73	100	16.58	325.62
685	-1.75	0	0	61	100	15.58	319.69
686	-1.75	0	0	56	100	15	300.26
687	-1.75	0	0	51	100	17.25	293.36
688	-1.75	0	0	49	100	20.99	300.96
689	-1.75	0	0	57	100	30.77	298.66
690	-1.75	0	0	69	100	26.21	285.95
691	-1.75	0	0	70	100	26.37	284.23
692	-1.75	0	0	72	100	27.34	279.09
693	-1.75	0	0	78	100	33.57	274.3
694	-1.75	0	0	82	100	31.68	270
695	-1.75	0	0	81	100	33.6	265.08
696	-1.75	0	0	86	100	35.64	261.87
697	-1.75	0	0	84	100	35.37	265.91
698	-1.75	0	0	85	100	36.76	267.19
699	-1.75	0	0	86	100	34.47	262.8
700	-1.75	0	0	87	100	32.91	259.92
701	-1.75	0	0	87	100	29.66	259.51
702	-1.75	0	0	82	100	27.35	249.18
703	-1.75	0	0	77	100	30.16	246.8
704	-1.75	0	0	73	100	35.5	247.34
705	-1.75	0	0	71	100	38.44	248
706	-1.75	0	0	68	100	39.15	245.56
707	-1.75	0	0	65	100	46.73	248.77
708	-1.75	0	0	63	100	55.44	251.45
709	-1.75	0	0	61	100	56.03	253.19
710	-1.75	0	0	64	100	35.86	252.47
711	-1.75	0	0	67	100	36.06	255.55
712	-1.75	0	0	68	100	36.5	255.14
713	-1.75	0	0	69	100	36.69	254.05
714	-1.75	0	0	70	100	35.76	253.02
715	-1.75	0	0	69	100	33.81	251.37
716	-1.75	0	0	69	100	30.4	251.35
717	-1.75	0	0	71	100	29.04	250.44
718	-1.75	0	0	72	100	28.55	246.99
719	-1.75	0	0	72	100	26.73	244.47
720	-1.75	0	0	72	100	24.31	242.68
721	-1.75	0	0	71	100	23.68	241.88
722	-1.75	0	0	70	100	25.28	241.98
723	-1.75	0	0	69	100	25.6	242.35
724	-1.75	0	0	69	100	24.8	244.18
725	-1.75	0	0	70	100	25.93	244.5
726	-1.75	0	0	72	100	24.02	240.36
727	-1.75	0	0	69	100	24.48	241.93
728	-1.75	0	0	70	100	26.58	245.17
729	-1.75	0	0	70	100	27.69	243.77
730	-1.75	0	0	65	100	29.95	244.36
731	-1.75	0	0	59	100	32.45	236.31
732	-1.75	0	0	57	100	33.41	232.88
733	-1.75	0	0	57	100	35.01	239.74
734	-1.75	0	0	59	100	32.17	238.27
735	-1.75	0	0	60	100	37.51	232.8
736	-1.75	0	0	60	100	33.43	247.85
737	-1.75	0	0	68	100	34.62	253.07
738	-1.75	0	0	75	100	32.67	251.37
739	-1.75	0	0	77	100	30.51	250.71
740	-1.75	0	0	79	100	28.12	256.68
741	-1.75	0	0	80	100	25.28	259.33
742	-1.75	0	0	81	100	25.35	258.53
743	-1.75	0	0	81	100	23.31	256.61
744	-1.75	0	0	82	100	23.8	259.54
745	-1.75	0	0	84	100	22.37	266.31
746	-1.75	0	0	86	100	19.52	275.29
747	-1.75	0	0	88	100	17.28	271.19
748	-1.75	0	0	88	100	16.58	267.51
749	-1.75	0	0	88	100	15.63	262.06
750	-1.75	0	0	87	100	14.33	258.41
751	-1.75	0	0	87	100	13.9	253.44
752	-1.75	0	0	85	100	15.28	254.98
753	-1.75	0	0	85	100	14.35	252.47
754	-1.75	0	0	81	100	17.31	253.07
755	-1.75	0	0	76	100	20.35	256.7
756	-1.75	0	0	76	100	23.08	266.42
757	-1.75	0	0	73	100	25.93	283.65
758	-1.75	0	0	81	100	18.88	325.1
759	-1.75	0	0	81	100	20.81	307.27
760	-1.75	0	0	78	100	22.83	322.05
761	-1.75	0	0	67	100	22.69	318.22
762	-1.75	0	0	67	100	22.55	321.48
763	-1.75	0	0	78	100	20.62	294.78
764	-1.75	0	0	73	100	20.14	294.27
765	-1.75	0	0	82	100	17.38	283.17
766	-1.75	0	0	86	100	17.67	273.5
767	-1.75	0	0	90	100	17.64	270
768	-1.75	0	0	87	100	17.37	275.95
769	-1.75	0	0	91	100	16.92	268.78
770	-1.75	0	0	88	100	19.8	270
771	-1.75	0	0	88	100	19.08	270
772	-1.75	0	0	89	100	18.45	264.4
773	-1.75	0	0	90	100	19.2	263.54
774	-1.75	0	0	89	100	20.28	263.88
775	-1.75	0	0	87	100	18.84	263.42
776	-1.75	0	0	87	100	18.06	265.43
777	-1.75	0	0	89	100	15.88	266.1
778	-1.75	0	0	86	100	15.88	266.1
779	-1.75	0	0	77	100	20.24	264.9
780	-1.75	0	0	70	100	21.35	264.19
781	-1.75	0	0	64	100	23.5	264.73
782	-1.75	0	0	58	100	8.28	270
783	-1.75	0	0	55	100	11.18	266.31
784	-1.75	0	0	52	100	11.44	257.28
785	-1.75	0	0	52	100	9	270
786	-1.75	0	0	58	100	5.24	254.05
787	-1.75	0	0	58	100	6.13	139.76
788	-1.75	0	0	64	100	9.73	141.01
789	-1.75	0	0	46	100	9.36	180
790	-1.75	0	0	47	100	9.42	186.58
791	-1.75	0	0	38	100	14.69	210.96
792	-1.75	0	0	32	100	9.59	214.29
793	-1.75	0	0	49	100	10.63	241.7
794	-1.75	0	0	69	100	34.15	222.44
795	-1.75	0	0	72	100	39.25	227.97
796	-1.75	0	0	78	100	36.25	235.52
797	-1.75	0	0	80	100	36.37	234.26
798	-1.75	0	0	78	100	36.4	224.6
799	-1.75	0	0	77	100	38.99	227.62
800	-1.75	0	0	76	100	39.09	220.14
801	-1.75	0	0	74	100	40.81	221.42
802	-1.75	0	0	73	100	44.04	225.33
803	-1.75	0	0	73	100	42.63	232.55
804	-1.75	0	0	73	100	44.44	243.02
805	-1.75	0	0	71	100	44.66	249.23
806	-1.75	0	0	72	100	31.82	248.08
807	-1.75	0	0	74	100	31.02	248.2
808	-1.75	0	0	75	100	32	252.99
809	-1.75	0	0	77	100	30.52	252.85
810	-1.75	0	0	78	100	28.73	254.74
811	-1.75	0	0	77	100	29.04	250.44
812	-1.75	0	0	78	100	46.57	294.19
813	-1.75	0	0	78	100	25.07	285.83
814	-1.75	0	0	83	100	22.78	264.56
815	-1.75	0	0	79	100	23.58	262.98
816	-1.75	0	0	81	100	21.29	251.26
817	-1.75	0	0	80	100	19.81	250.91
818	-1.75	0	0	81	100	17.65	249.72
819	-1.75	0	0	82	100	16.78	247.29
820	-1.75	0	0	83	100	17.76	252.3
821	-1.75	0	0	84	100	16.06	250.35
822	-1.75	0	0	84	100	15.78	242.85
823	-1.75	0	0	83	100	18.51	243.43
824	-1.75	0	0	82	100	17.6	239.24
825	-1.75	0	0	82	100	16.75	241.78
826	-1.75	0	0	80	100	18.9	252.26
827	-1.75	0	0	73	100	23.44	259.38
828	-1.75	0	0	69	100	23.54	263.85
829	-1.75	0	0	67	100	24.88	266.68
830	-1.75	0	0	56	100	14.02	240.8
831	-1.75	0	0	65	100	19.59	252.9
832	-1.75	0	0	77	100	13.98	235.49
833	-1.75	0	0	73	100	15.48	268.67
834	-1.75	0	0	78	100	10.09	267.95
835	-1.75	0	0	83	100	7.93	219.47
836	-1.75	0	0	86	100	9.06	186.84
837	-1.75	0	0	84	100	5.19	213.69
838	-1.75	0	0	90	100	2.74	203.2
839	-1.75	0	0	90	100	4.69	175.6
840	-1.75	0	0	89	100	3.6	180
841	-1.75	0	0	90	100	2.31	218.66
842	-1.75	0	0	91	100	2.62	254.05
843	-1.75	0	0	91	100	4.74	261.25
844	-1.75	0	0	92	100	5.41	266.19
845	-1.75	0	0	93	100	5.09	278.13
846	-1.75	0	0	93	100	6.92	308.66
847	-1.75	0	0	95	100	10.69	327.38
848	-1.75	0	0	95	100	10.01	307.69
849	-1.75	0	0	93	100	8.31	287.65
850	-1.75	0	0	91	100	6.99	281.89
851	-1.75	0	0	87	100	6.99	281.89
852	-1.75	0	0	81	100	8.4	279.87
853	-1.75	0	0	74	100	9.01	272.29
854	-1.75	0	0	72	100	3.83	311.19
855	-1.75	0	0	69	100	3.32	282.53
856	-1.75	0	0	67	100	4.45	255.96
857	-1.75	0	0	67	100	7.21	272.86
858	-1.75	0	0	74	100	7.92	270
859	-1.75	0	0	82	100	7.73	242.24
860	-1.75	0	0	80	100	10.5	210.96
861	-1.75	0	0	79	100	10.14	196.5
862	-1.75	0	0	76	100	11.63	201.8
863	-1.75	0	0	67	100	11.97	226.22
864	-1.75	0	0	67	100	10.2	222.14
865	-1.75	0	0	70	100	21.93	246.8
866	-1.75	0	0	80	100	29.14	244.38
867	-1.75	0	0	84	100	38.94	256.09
868	-1.75	0	0	84	100	36.72	270
869	-1.75	0	0	88	100	27.73	271.49
870	-1.75	0	0	88	100	23.5	264.73
871	-1.75	0	0	89	100	20.72	262.01
872	-1.75	0	0	87	100	21.84	261.47
873	-1.75	0	0	86	100	23.22	262.88
874	-1.75	0	0	86	100	26.66	272.32
875	-1.75	0	0	82	100	26.32	273.14
876	-1.75	0	0	76	100	23.41	271.76
877	-1.75	0	0	71	100	18.36	270
878	-1.75	0	0	68	100	13.68	268.49
879	-1.75	0	0	62	100	11.38	251.57
880	-1.75	0	0	53	100	11.18	213.18
881	-1.75	0	0	65	100	12.76	196.39
882	-1.75	0	0	65	100	10.46	183.95
883	-1.75	0	0	61	100	14.08	147.53
884	-1.75	0	0	69	100	18.17	146.31
885	-1.75	0	0	69	100	26.23	136.67
886	-1.75	0	0	66	100	23.47	122.47
887	-1.75	0	0	67	100	24.87	112.11
888	-1.75	0	0	76	100	19.62	132.77
889	-1.75	0	0	46	100	16.95	176.35
890	-1.75	0	0	69	100	29.38	197.1
891	-1.75	0	0	68	100	29.78	206.57
892	-1.75	0	0	70	100	21.76	218.96
893	-1.75	0	0	76	100	12.48	213.23
894	-1.75	0	0	78	100	19.72	248.59
895	-1.75	0	0	80	100	16.3	239.47
896	-1.75	0	0	82	100	8.71	209.74
897	-1.75	0	0	87	100	7.56	180
898	-1.75	0	0	85	100	7.29	200.22
899	-1.75	0	0	84	100	7.09	246.04
900	-1.75	0	0	84	100	6.92	171.03
901	-1.75	0	0	82	100	9.83	171.57
902	-1.75	0	0	83	100	13.1	249.08
903	-1.75	0	0	88	100	11.38	198.43
904	-1.75	0	0	87	100	12.26	176.63
905	-1.75	0	0	85	100	10.54	172.15
906	-1.75	0	0	86	100	7.59	174.56
907	-1.75	0	0	85	100	5.86	169.38
908	-1.75	0	0	87	100	4.69	147.53
909	-1.75	0	0	87	100	1.02	135
910	-1.75	0	0	87	100	1.3	303.69
911	-1.75	0	0	87	100	2.74	293.2
912	-1.75	0	0	90	100	4.68	292.62
913	-1.75	0	0	91	100	8.85	296.57
914	-1.75	0	0	88	100	11.98	302.74
915	-1.75	0	0	81	100	14.34	298.5
916	-1.75	0	0	83	100	17.11	292.25
917	-1.75	0	0	85	100	15.11	282.38
918	-1.75	0	0	86	100	17.94	280.41
919	-1.75	0	0	90	100	17.28	270
920	-1.75	0	0	90	100	17.64	268.83
921	-1.75	0	0	89	100	20.57	265.99
922	-1.75	0	0	88	100	20.99	264.09
923	-1.75	0	0	86	100	24.52	266.63
924	-1.75	0	0	76	100	29.83	261.67
925	-1.75	0	0	71	100	28.95	259.25
926	-1.75	0	0	71	100	23.42	272.64
927	-1.75	0	0	68	100	22.68	270.91
928	-1.75	0	0	66	100	23.76	269.13
929	-1.75	0	0	65	100	21.96	259.61
930	-1.75	0	0	72	100	20.14	245.73
931	-1.75	0	0	73	100	21.75	245.56
932	-1.75	0	0	69	100	22.41	246.32
933	-1.75	0	0	71	100	18.71	239.98
934	-1.75	0	0	73	100	16.28	234.9
935	-1.75	0	0	73	100	15.02	224.03
936	-1.75	0	0	71	100	12.24	208.07
937	-1.75	0	0	72	100	10.31	192.09
938	-1.75	0	0	73	100	10.66	191.69
939	-1.75	0	0	71	100	11.97	195.71
940	-1.75	0	0	70	100	13.2	191
941	-1.75	0	0	67	100	14.76	178.6
942	-1.75	0	0	66	100	13.53	154.8
943	-1.75	0	0	65	100	14.08	147.53
944	-1.75	0	0	60	100	10.9	172.41
945	-1.75	0	0	93	100	28.95	190.75
946	-1.75	0	0	93	100	39.99	200.56
947	-1.75	0	0	93	100	49.11	207.5
948	-1.75	0	0	87	100	45.54	230.77
949	-1.75	0	0	85	100	58.63	251.01
950	-1.75	0	0	85	100	51.6	255.87
951	-1.75	0	0	86	100	51.62	261.98
952	-1.75	0	0	87	100	49.04	273.37
953	-1.75	0	0	90	100	45.96	275.84
954	-1.75	0	0	92	100	47.2	277.45
955	-1.75	0	0	93	100	46.68	275.75
956	-1.75	0	0	94	100	46.44	270.44
957	-1.75	0	0	93	100	54.37	268.86
958	-1.75	0	0	91	100	59.51	266.53
959	-1.75	0	0	89	100	61.05	265.26
960	-1.75	0	0	90	100	62.1	265.68
961	-1.75	0	0	91	100	61.35	265.96
962	-1.75	0	0	90	100	58.77	266.84
963	-1.75	0	0	90	100	56.19	271.84
964	-1.75	0	0	91	100	51.97	280.38
965	-1.75	0	0	91	100	44.13	281.77
966	-1.75	0	0	90	100	35.71	284.6
967	-1.75	0	0	93	100	28.67	277.21
968	-1.75	0	0	93	100	24.97	275.79
969	-1.75	0	0	94	100	24.91	274.14
970	-1.75	0	0	91	100	27.06	273.81
971	-1.75	0	0	85	100	26.7	273.87
972	-1.75	0	0	80	100	26.22	278.69
973	-1.75	0	0	75	100	24.37	282.8
974	-1.75	0	0	76	100	25.41	277.33
975	-1.75	0	0	78	100	24.85	271.66
976	-1.75	0	0	78	100	21.96	270
977	-1.75	0	0	79	100	18.72	271.1
978	-1.75	0	0	82	100	13.68	271.51
979	-1.75	0	0	86	100	14.42	272.86
980	-1.75	0	0	92	100	16.56	268.75
981	-1.75	0	0	91	100	15.5	267.34
982	-1.75	0	0	90	100	15.12	268.64
983	-1.75	0	0	90	100	12.98	266.82
984	-1.75	0	0	92	100	12.73	261.87
985	-1.75	0	0	91	100	12.41	253.14
986	-1.75	0	0	89	100	13.53	241.39
987	-1.75	0	0	86	100	10.2	222.14
988	-1.75	0	0	80	100	6.03	197.35
989	-1.75	0	0	83	100	5.35	160.35
990	-1.75	0	0	89	100	7.15	130.91
991	-1.75	0	0	90	100	8.37	115.46
992	-1.75	0	0	91	100	9.36	112.62
993	-1.75	0	0	88	100	9.5	114.62
994	-1.75	0	0	83	100	9.36	112.62
995	-1.75	0	0	79	100	7.63	109.29
996	-1.75	0	0	72	100	6.03	107.35
997	-1.75	0	0	71	100	1.8	180
998	-1.75	0	0	60	100	6.12	90
999	-1.75	0	0	60	100	4.69	85.6
1000	-1.75	0	0	61	100	2.81	50.19
1001	-1.75	0	0	61	100	2.74	66.8
1002	-1.75	0	0	60	100	4.45	104.04
1003	-1.75	0	0	62	100	5.24	105.95
1004	-1.75	0	0	63	100	7.17	107.53
1005	-1.75	0	0	64	100	7.17	107.53
1006	-1.75	0	0	64	100	7.97	108.43
1007	-1.75	0	0	66	100	7.97	108.43
1008	-1.75	0	0	70	100	7.07	104.74
1009	-1.75	0	0	72	100	6.64	102.53
1010	-1.75	0	0	74	100	6.95	111.25
1011	-1.75	0	0	73	100	6.44	116.57
1012	-1.75	0	0	72	100	4.83	116.57
1013	-1.75	0	0	74	100	4.55	108.43
1014	-1.75	0	0	77	100	5.48	113.2
1015	-1.75	0	0	81	100	5.82	111.8
1016	-1.75	0	0	88	100	5.35	109.65
1017	-1.75	0	0	95	100	5.15	102.09
1018	-1.75	0	0	97	100	5.01	111.04
1019	-1.75	0	0	90	100	5.35	109.65
1020	-1.75	0	0	78	100	7.99	97.77
1021	-1.75	0	0	72	100	6.92	81.03
1022	-1.75	0	0	59	100	11.66	98.88
1023	-1.75	0	0	60	100	11.01	101.31
1024	-1.75	0	0	63	100	10.95	99.46
1025	-1.75	0	0	68	100	8.35	97.43
1026	-1.75	0	0	75	100	8.21	105.26
1027	-1.75	0	0	79	100	8.16	131.42
1028	-1.75	0	0	81	100	8.67	131.63
1029	-1.75	0	0	87	100	8.89	121.76
1030	-1.75	0	0	90	100	10.09	124.82
1031	-1.75	0	0	87	100	11.25	129.81
1032	-1.75	0	0	89	100	13.83	128.66
1033	-1.75	0	0	90	100	15.12	128.23
1034	-1.75	0	0	90	100	15.08	123.31
1035	-1.75	0	0	91	100	15.88	122.97
1036	-1.75	0	0	93	100	14.69	120.96
1037	-1.75	0	0	93	100	13.04	117.98
1038	-1.75	0	0	96	100	10.95	117.41
1039	-1.75	0	0	95	100	9	126.87
1040	-1.75	0	0	94	100	9.98	115.64
1041	-1.75	0	0	92	100	8.56	104.62
1042	-1.75	0	0	90	100	7.77	103.39
1043	-1.75	0	0	85	100	5.69	124.7
1044	-1.75	0	0	76	100	4.07	135
1045	-1.75	0	0	73	100	0.51	45
1046	-1.75	0	0	70	100	2.31	51.34
1047	-1.75	0	0	69	100	1.08	360
1048	-1.75	0	0	70	100	1.8	360
1049	-1.75	0	0	73	100	1.94	68.2
1050	-1.75	0	0	73	100	4.9	107.1
1051	-1.75	0	0	74	100	4.1	105.26
1052	-1.75	0	0	75	100	3.42	108.43
1053	-1.75	0	0	78	100	2.19	99.46
1054	-1.75	0	0	80	100	2.28	198.43
1055	-1.75	0	0	85	100	2.6	213.69
1056	-1.75	0	0	90	100	2.41	206.57
1057	-1.75	0	0	91	100	3.83	221.19
1058	-1.75	0	0	88	100	4.33	221.63
1059	-1.75	0	0	86	100	4.84	221.99
1060	-1.75	0	0	89	100	4.33	228.37
1061	-1.75	0	0	93	100	3.83	221.19
1062	-1.75	0	0	92	100	4.2	210.96
1063	-1.75	0	0	93	100	2.16	180
1064	-1.75	0	0	95	100	2.1	120.96
1065	-1.75	0	0	97	100	1.14	108.43
1066	-1.75	0	0	95	100	1.48	75.96
1067	-1.75	0	0	92	100	1.44	90
1068	-1.75	0	0	86	100	2.1	59.04
1069	-1.75	0	0	82	100	3.42	18.43
1070	-1.75	0	0	73	100	4.45	75.96
1071	-1.75	0	0	71	100	3.76	73.3
1072	-1.75	0	0	72	100	4.68	360
1073	-1.75	0	0	76	100	8.37	334.54
1074	-1.75	0	0	85	100	6.13	319.76
1075	-1.75	0	0	87	100	4.38	279.46
1076	-1.75	0	0	90	100	4.02	243.43
1077	-1.75	0	0	91	100	3.4	212.01
1078	-1.75	0	0	93	100	2.55	188.13
1079	-1.75	0	0	93	100	1.61	153.43
1080	-1.75	0	0	92	100	1.53	135
1081	-1.75	0	0	92	100	1.48	104.04
1082	-1.75	0	0	92	100	1.94	111.8
1083	-1.75	0	0	91	100	2.55	135
1084	-1.75	0	0	89	100	3.1	144.46
1085	-1.75	0	0	88	100	3.56	135
1086	-1.75	0	0	87	100	4.69	122.47
1087	-1.75	0	0	86	100	5.99	122.74
1088	-1.75	0	0	85	100	6.99	124.51
1089	-1.75	0	0	85	100	8.09	122.28
1090	-1.75	0	0	83	100	10.14	117.47
1091	-1.75	0	0	80	100	13.05	114.44
1092	-1.75	0	0	75	100	12.07	100.3
1093	-1.75	0	0	72	100	7.97	71.57
1094	-1.75	0	0	66	100	15.72	69.9
1095	-1.75	0	0	66	100	18.69	74.36
1096	-1.75	0	0	70	100	19.92	83.77
1097	-1.75	0	0	69	100	15.14	87.27
1098	-1.75	0	0	77	100	11.3	80.84
1099	-1.75	0	0	81	100	9.06	83.16
1100	-1.75	0	0	82	100	7.64	81.87
1101	-1.75	0	0	82	100	8.35	82.57
1102	-1.75	0	0	82	100	9.42	83.42
1103	-1.75	0	0	82	100	9.11	80.91
1104	-1.75	0	0	82	100	7.34	78.69
1105	-1.75	0	0	84	100	4.39	55.01
1106	-1.75	0	0	89	100	2.88	360
1107	-1.75	0	0	97	100	3.55	336.04
1108	-1.75	0	0	95	100	4.1	307.88
1109	-1.75	0	0	95	100	3.08	290.56
1110	-1.75	0	0	95	100	4.02	296.57
1111	-1.75	0	0	95	100	5.51	281.31
1112	-1.75	0	0	95	100	5.51	281.31
1113	-1.75	0	0	95	100	5.94	284.04
1114	-1.75	0	0	94	100	6.48	270
1115	-1.75	0	0	93	100	5.8	277.13
1116	-1.75	0	0	90	100	4.07	315
1117	-1.75	0	0	88	100	4.45	345.96
1118	-1.75	0	0	92	100	4.69	302.47
1119	-1.75	0	0	88	100	3.08	290.56
1120	-1.75	0	0	85	100	3.6	323.13
1121	-1.75	0	0	87	100	3.05	315
1122	-1.75	0	0	90	100	2.9	262.88
1123	-1.75	0	0	91	100	1.48	165.96
1124	-1.75	0	0	92	100	0	180
1125	-1.75	0	0	93	100	1.44	360
1126	-1.75	0	0	89	100	2.31	38.66
1127	-1.75	0	0	85	100	3.67	11.31
1128	-1.75	0	0	88	100	3.96	360
1129	-1.75	0	0	92	100	4.21	340.02
1130	-1.75	0	0	95	100	3.83	318.81
1131	-1.75	0	0	91	100	3.05	315
1132	-1.75	0	0	93	100	3.83	318.81
1133	-1.75	0	0	93	100	3.4	302.01
1134	-1.75	0	0	93	100	2.9	277.13
1135	-1.75	0	0	93	100	3.6	270
1136	-1.75	0	0	93	100	5.09	278.13
1137	-1.75	0	0	94	100	5.94	284.04
1138	-1.75	0	0	94	100	8.47	282.26
1139	-1.75	0	0	93	100	8.43	289.98
1140	-1.75	0	0	89	100	8.21	307.88
1141	-1.75	0	0	87	100	9.22	308.66
1142	-1.75	0	0	76	100	3.88	338.2
1143	-1.75	0	0	75	100	3.6	360
1144	-1.75	0	0	78	100	2.16	360
1145	-1.75	0	0	85	100	5.09	315
1146	-1.75	0	0	97	100	9.51	299.48
1147	-1.75	0	0	95	100	4.68	270
1148	-1.75	0	0	95	100	4.33	228.37
1149	-1.75	0	0	95	100	4.33	228.37
1150	-1.75	0	0	95	100	2.16	270
1151	-1.75	0	0	95	100	2.88	270
1152	-1.75	0	0	95	100	0.8	296.57
1153	-1.75	0	0	95	100	1.08	360
1154	-1.75	0	0	95	100	1.94	111.8
1155	-1.75	0	0	95	100	5.4	126.87
1156	-1.75	0	0	94	100	7.1	120.47
1157	-1.75	0	0	90	100	9	126.87
1158	-1.75	0	0	88	100	11.89	125.13
1159	-1.75	0	0	87	100	14.51	119.74
1160	-1.75	0	0	86	100	15	120.26
1161	-1.75	0	0	85	100	15.51	111.8
1162	-1.75	0	0	80	100	17.32	110.7
1163	-1.75	0	0	76	100	17.87	108.8
1164	-1.75	0	0	76	100	18.95	104.3
1165	-1.75	0	0	73	100	15.46	102.09
1166	-1.75	0	0	70	100	6.44	26.57
1167	-1.75	0	0	70	100	7.2	360
1168	-1.75	0	0	73	100	7.09	336.04
1169	-1.75	0	0	76	100	6.37	317.29
1170	-1.75	0	0	79	100	4.51	298.61
1171	-1.75	0	0	81	100	2.16	270
1172	-1.75	0	0	82	100	1.8	270
1173	-1.75	0	0	85	100	3.42	288.43
1174	-1.75	0	0	85	100	6.48	270
1175	-1.75	0	0	87	100	7.64	278.13
1176	-1.75	0	0	94	100	9	286.26
1177	-1.75	0	0	95	100	5.86	280.62
1178	-1.75	0	0	95	100	2.41	296.57
1179	-1.75	0	0	95	100	2.04	45
1180	-1.75	0	0	95	100	2.97	75.96
1181	-1.75	0	0	87	100	2.55	98.13
1182	-1.75	0	0	89	100	3.32	139.4
1183	-1.75	0	0	93	100	5.35	137.73
1184	-1.75	0	0	93	100	4.9	126.03
1185	-1.75	0	0	92	100	4.69	85.6
1186	-1.75	0	0	90	100	5.76	90
1187	-1.75	0	0	82	100	9.37	87.8
1188	-1.75	0	0	70	100	16.68	76.26
1189	-1.75	0	0	67	100	22.37	86.31
1190	-1.75	0	0	66	100	19	80.18
1191	-1.75	0	0	64	100	18.64	79.99
1192	-1.75	0	0	64	100	17.23	79.16
1193	-1.75	0	0	67	100	13.9	73.44
1194	-1.75	0	0	75	100	11.87	75.96
1195	-1.75	0	0	77	100	9.73	87.88
1196	-1.75	0	0	78	100	8.64	90
1197	-1.75	0	0	79	100	8.64	90
1198	-1.75	0	0	79	100	9	90
1199	-1.75	0	0	76	100	10.45	91.97
1200	-1.75	0	0	74	100	10.45	88.03
1201	-1.75	0	0	71	100	8.71	82.87
1202	-1.75	0	0	70	100	5.94	75.96
1203	-1.75	0	0	71	100	2.6	56.31
1204	-1.75	0	0	77	100	3.26	6.34
1205	-1.75	0	0	84	100	3.83	41.19
1206	-1.75	0	0	88	100	4.51	61.39
1207	-1.75	0	0	85	100	5.48	66.8
1208	-1.75	0	0	77	100	5.96	64.98
1209	-1.75	0	0	71	100	5.19	56.31
1210	-1.75	0	0	66	100	4.02	63.43
1211	-1.75	0	0	65	100	4.02	100.3
1212	-1.75	0	0	65	100	9.03	94.57
1213	-1.75	0	0	61	100	10.45	91.97
1214	-1.75	0	0	62	100	9.01	87.71
1215	-1.75	0	0	61	100	6.49	70.56
1216	-1.75	0	0	64	100	4.61	51.34
1217	-1.75	0	0	64	100	3.4	32.01
1218	-1.75	0	0	69	100	4.8	12.99
1219	-1.75	0	0	76	100	5.63	63.43
1220	-1.75	0	0	75	100	5.09	98.13
1221	-1.75	0	0	76	100	5.45	97.59
1222	-1.75	0	0	75	100	7.92	90
1223	-1.75	0	0	75	100	9.72	90
1224	-1.75	0	0	77	100	12.24	90
1225	-1.75	0	0	80	100	12.65	94.9
1226	-1.75	0	0	80	100	13.14	99.46
1227	-1.75	0	0	81	100	12.57	103.24
1228	-1.75	0	0	81	100	13.01	104.42
1229	-1.75	0	0	81	100	13.32	108.92
1230	-1.75	0	0	82	100	13.24	112.38
1231	-1.75	0	0	82	100	12.43	112.11
1232	-1.75	0	0	83	100	11.77	113.43
1233	-1.75	0	0	82	100	12.07	116.57
1234	-1.75	0	0	78	100	13.68	116.57
1235	-1.75	0	0	72	100	15.18	112.31
1236	-1.75	0	0	67	100	16.85	109.98
1237	-1.75	0	0	62	100	17.19	109.57
1238	-1.75	0	0	57	100	19.49	115.14
1239	-1.75	0	0	55	100	18.84	116.08
1240	-1.75	0	0	56	100	17.07	117.65
1241	-1.75	0	0	60	100	14.18	113.96
1242	-1.75	0	0	76	100	12.88	116.57
1243	-1.75	0	0	79	100	11.17	110.77
1244	-1.75	0	0	81	100	9.98	115.64
1245	-1.75	0	0	78	100	9.36	112.62
1246	-1.75	0	0	75	100	8.56	112.25
1247	-1.75	0	0	76	100	8.56	112.25
1248	-1.75	0	0	74	100	9.11	108.43
1249	-1.75	0	0	72	100	8.21	105.26
1250	-1.75	0	0	71	100	6.49	109.44
1251	-1.75	0	0	68	100	6.44	116.57
1252	-1.75	0	0	64	100	8.05	116.57
1253	-1.75	0	0	64	100	9.61	102.99
1254	-1.75	0	0	67	100	8.89	111.37
1255	-1.75	0	0	66	100	7.24	116.57
1256	-1.75	0	0	66	100	7.42	112.83
1257	-1.75	0	0	66	100	7.29	110.22
1258	-1.75	0	0	65	100	8.12	102.8
1259	-1.75	0	0	69	100	8.4	99.87
1260	-1.75	0	0	72	100	9.45	107.74
1261	-1.75	0	0	75	100	7.1	120.47
1262	-1.75	0	0	74	100	7.24	95.71
1263	-1.75	0	0	73	100	6.84	90
1264	-1.75	0	0	65	100	8.12	102.8
1265	-1.75	0	0	68	100	8.23	113.2
1266	-1.75	0	0	76	100	9.03	113.5
1267	-1.75	0	0	78	100	7.93	129.47
1268	-1.75	0	0	79	100	4.33	131.63
1269	-1.75	0	0	84	100	5.62	129.81
1270	-1.75	0	0	84	100	6.7	126.25
1271	-1.75	0	0	87	100	6.7	126.25
1272	-1.75	0	0	90	100	6.3	120.96
1273	-1.75	0	0	90	100	7.24	116.57
1274	-1.75	0	0	89	100	7.41	119.05
1275	-1.75	0	0	83	100	7.49	125.22
1276	-1.75	0	0	73	100	8.4	133.26
1277	-1.75	0	0	73	100	7.93	129.47
1278	-1.75	0	0	75	100	6.12	118.07
1279	-1.75	0	0	77	100	5.5	121.61
1280	-1.75	0	0	80	100	4.33	131.63
1281	-1.75	0	0	81	100	2.9	172.87
1282	-1.75	0	0	79	100	7.57	244.65
1283	-1.75	0	0	78	100	7.49	234.78
1284	-1.75	0	0	71	100	5.86	227.49
1285	-1.75	0	0	71	100	4.61	218.66
1286	-1.75	0	0	84	100	2.31	128.66
1287	-1.75	0	0	77	100	3.67	258.69
1288	-1.75	0	0	72	100	9.47	261.25
1289	-1.75	0	0	73	100	17.03	256.55
1290	-1.75	0	0	77	100	15.46	245.22
1291	-1.75	0	0	79	100	13.36	242.74
1292	-1.75	0	0	81	100	11.99	228.65
1293	-1.75	0	0	85	100	9.69	211.33
1294	-1.75	0	0	86	100	8.65	196.93
1295	-1.75	0	0	86	100	8.35	187.43
1296	-1.75	0	0	85	100	7.63	160.71
1297	-1.75	0	0	79	100	6.64	167.47
1298	-1.75	0	0	83	100	4.45	165.96
1299	-1.75	0	0	82	100	3.71	150.95
1300	-1.75	0	0	83	100	3.24	180
1301	-1.75	0	0	80	100	5	210.26
1302	-1.75	0	0	82	100	10	239.74
1303	-1.75	0	0	81	100	8.53	242.35
1304	-1.75	0	0	81	100	6.88	227.12
1305	-1.75	0	0	81	100	5.59	194.93
1306	-1.75	0	0	82	100	5.77	176.42
1307	-1.75	0	0	79	100	3.67	191.31
1308	-1.75	0	0	76	100	2.28	161.57
1309	-1.75	0	0	74	100	1.8	233.13
1310	-1.75	0	0	87	100	5.94	104.04
1311	-1.75	0	0	86	100	3.55	113.96
1312	-1.75	0	0	86	100	5.09	98.13
1313	-1.75	0	0	89	100	5.24	74.05
1314	-1.75	0	0	90	100	7.86	74.05
1315	-1.75	0	0	92	100	7.57	92.73
1316	-1.75	0	0	93	100	6.99	101.89
1317	-1.75	0	0	93	100	6.21	100.01
1318	-1.75	0	0	94	100	6.48	90
1319	-1.75	0	0	97	100	6.29	76.76
1320	-1.75	0	0	97	100	3.32	49.4
1321	-1.75	0	0	97	100	5.24	344.05
1322	-1.75	0	0	96	100	6.3	329.04
1323	-1.75	0	0	96	100	1.8	306.87
1324	-1.75	0	0	94	100	5.62	309.81
1325	-1.75	0	0	94	100	2.81	50.19
1326	-1.75	0	0	94	100	2.74	66.8
1327	-1.75	0	0	95	100	1.94	68.2
1328	-1.75	0	0	96	100	4.21	340.02
1329	-1.75	0	0	96	100	4.45	345.96
1330	-1.75	0	0	93	100	0	180
1331	-1.75	0	0	92	100	1.94	291.8
1332	-1.75	0	0	90	100	4.61	321.34
1333	-1.75	0	0	85	100	6.79	302.01
1334	-1.75	0	0	85	100	4.39	55.01
1335	-1.75	0	0	84	100	4.38	80.54
1336	-1.75	0	0	89	100	5.8	82.87
1337	-1.75	0	0	93	100	6.16	96.71
1338	-1.75	0	0	96	100	8.37	154.54
1339	-1.75	0	0	86	100	11.72	222.51
1340	-1.75	0	0	91	100	4.39	214.99
1341	-1.75	0	0	90	100	5.77	183.58
1342	-1.75	0	0	87	100	8.43	250.02
1343	-1.75	0	0	84	100	10.81	268.09
1344	-1.75	0	0	88	100	9.96	257.47
1345	-1.75	0	0	91	100	10.18	261.87
1346	-1.75	0	0	90	100	9.11	251.57
1347	-1.75	0	0	85	100	7.79	236.31
1348	-1.75	0	0	84	100	7.9	204.23
1349	-1.75	0	0	83	100	8.4	170.13
1350	-1.75	0	0	79	100	7.24	153.43
1351	-1.75	0	0	77	100	8.89	121.76
1352	-1.75	0	0	89	100	11.12	119.05
1353	-1.75	0	0	95	100	11.12	119.05
1354	-1.75	0	0	94	100	11.12	119.05
1355	-1.75	0	0	93	100	12.07	116.57
1356	-1.75	0	0	88	100	11.92	118.89
1357	-1.75	0	0	84	100	12.68	124.59
1358	-1.75	0	0	57	100	9.36	202.62
1359	-1.75	0	0	59	100	17.58	214.99
1360	-1.75	0	0	67	100	20.01	210.26
1361	-1.75	0	0	75	100	26.98	193.11
1362	-1.75	0	0	75	100	25.28	199.98
1363	-1.75	0	0	74	100	21.58	207.85
1364	-1.75	0	0	79	100	17.58	222.51
1365	-1.75	0	0	82	100	25.62	252.84
1366	-1.75	0	0	80	100	29.83	252.44
1367	-1.75	0	0	80	100	22.38	242.2
1368	-1.75	0	0	78	100	16.6	229.4
1369	-1.75	0	0	78	100	12.82	218.16
1370	-1.75	0	0	81	100	10.25	198.43
1371	-1.75	0	0	81	100	9.11	198.43
1372	-1.75	0	0	73	100	14.2	210.47
1373	-1.75	0	0	70	100	21.97	214.99
1374	-1.75	0	0	73	100	21.18	215.31
1375	-1.75	0	0	73	100	19.01	217.3
1376	-1.75	0	0	71	100	23.28	219.35
1377	-1.75	0	0	71	100	29.28	223.51
1378	-1.75	0	0	73	100	23.51	229.97
1379	-1.75	0	0	76	100	22.67	237.32
1380	-1.75	0	0	76	100	24.39	238.89
1381	-1.75	0	0	77	100	25.2	248.2
1382	-1.75	0	0	74	100	28.69	252.47
1383	-1.75	0	0	75	100	28.5	242.14
1384	-1.75	0	0	73	100	32.24	246.3
1385	-1.75	0	0	68	100	42.38	253.72
1386	-1.75	0	0	74	100	34.09	248.31
1387	-1.75	0	0	72	100	30.82	247.33
1388	-1.75	0	0	73	100	33.62	260.13
1389	-1.75	0	0	77	100	30.1	263.13
1390	-1.75	0	0	76	100	26.9	257.64
1391	-1.75	0	0	76	100	28.46	251.57
1392	-1.75	0	0	75	100	30.97	252.41
1393	-1.75	0	0	76	100	31.61	255.49
1394	-1.75	0	0	76	100	32.22	256.43
1395	-1.75	0	0	75	100	31.72	260.86
1396	-1.75	0	0	77	100	30.36	259.76
1397	-1.75	0	0	77	100	29.8	258.15
1398	-1.75	0	0	77	100	28.66	258.41
1399	-1.75	0	0	75	100	25.85	257.13
1400	-1.75	0	0	74	100	24.1	256.17
1401	-1.75	0	0	72	100	21.83	256.65
1402	-1.75	0	0	72	100	22.9	253.56
1403	-1.75	0	0	71	100	21.07	250.02
1404	-1.75	0	0	74	100	16.12	240.57
1405	-1.75	0	0	80	100	11.3	247.52
1406	-1.75	0	0	86	100	9.45	139.64
1407	-1.75	0	0	89	100	7.13	135
1408	-1.75	0	0	91	100	2.9	150.26
1409	-1.75	0	0	91	100	1.08	270
1410	-1.75	0	0	88	100	6.73	254.48
1411	-1.75	0	0	87	100	14.49	255.62
1412	-1.75	0	0	86	100	21.49	261.33
1413	-1.75	0	0	87	100	24.19	265.73
1414	-1.75	0	0	87	100	25.96	266.82
1415	-1.75	0	0	87	100	26.34	266.08
1416	-1.75	0	0	87	100	28.08	270
1417	-1.75	0	0	87	100	28.44	270.73
1418	-1.75	0	0	87	100	25.94	267.61
1419	-1.75	0	0	88	100	23.8	266.53
1420	-1.75	0	0	89	100	20.06	260.71
1421	-1.75	0	0	88	100	18.6	255.43
1422	-1.75	0	0	88	100	17.56	254.54
1423	-1.75	0	0	87	100	15.6	251.15
1424	-1.75	0	0	86	100	13.24	247.62
1425	-1.75	0	0	85	100	11.3	247.52
1426	-1.75	0	0	86	100	10.04	255.47
1427	-1.75	0	0	84	100	11.21	264.47
1428	-1.75	0	0	82	100	14.76	270
1429	-1.75	0	0	80	100	15.86	272.6
1430	-1.75	0	0	76	100	19.81	267.92
1431	-1.75	0	0	76	100	19.45	267.88
1432	-1.75	0	0	77	100	18	270
1433	-1.75	0	0	79	100	16.94	272.44
1434	-1.75	0	0	82	100	13.72	274.51
1435	-1.75	0	0	84	100	10.95	279.46
1436	-1.75	0	0	86	100	8.43	289.98
1437	-1.75	0	0	88	100	6.29	293.63
1438	-1.75	0	0	88	100	5.01	291.04
1439	-1.75	0	0	90	100	3.4	302.01
1440	-1.75	0	0	92	100	1.14	341.57
1441	-1.75	0	0	93	100	2.97	104.04
1442	-1.75	0	0	94	100	5.32	118.3
1443	-1.75	0	0	93	100	6.11	135
1444	-1.75	0	0	92	100	5.35	132.27
1445	-1.75	0	0	92	100	6.12	118.07
1446	-1.75	0	0	92	100	6.92	128.66
1447	-1.75	0	0	92	100	7.65	131.19
1448	-1.75	0	0	91	100	7.93	129.47
1449	-1.75	0	0	92	100	7.9	120.07
1450	-1.75	0	0	96	100	8.05	116.57
1451	-1.75	0	0	91	100	9.98	115.64
1452	-1.75	0	0	86	100	9.11	108.43
1453	-1.75	0	0	78	100	8.56	104.62
1454	-1.75	0	0	73	100	5.77	86.42
1455	-1.75	0	0	72	100	1.8	270
1456	-1.75	0	0	71	100	3.96	270
1457	-1.75	0	0	70	100	4.21	289.98
1458	-1.75	0	0	72	100	5.63	243.43
1459	-1.75	0	0	73	100	5.51	258.69
1460	-1.75	0	0	77	100	5.41	266.19
1461	-1.75	0	0	69	100	7.29	200.22
1462	-1.75	0	0	64	100	6.29	166.76
1463	-1.75	0	0	61	100	6.11	135
1464	-1.75	0	0	67	100	5.8	119.74
1465	-1.75	0	0	74	100	6.7	143.75
1466	-1.75	0	0	66	100	7.73	152.24
1467	-1.75	0	0	59	100	8.29	145.62
1468	-1.75	0	0	56	100	8.15	135
1469	-1.75	0	0	58	100	7.7	127.41
1470	-1.75	0	0	63	100	7.73	117.76
1471	-1.75	0	0	67	100	8.09	110.85
1472	-1.75	0	0	67	100	8.43	109.98
1473	-1.75	0	0	66	100	8.89	111.37
1474	-1.75	0	0	66	100	9	106.26
1475	-1.75	0	0	69	100	9.45	107.74
1476	-1.75	0	0	72	100	10.25	108.43
1477	-1.75	0	0	71	100	9.89	100.49
1478	-1.75	0	0	68	100	10.39	104.04
1479	-1.75	0	0	67	100	9.96	102.53
1480	-1.75	0	0	68	100	10.24	100.12
1481	-1.75	0	0	69	100	11.09	103.13
1482	-1.75	0	0	69	100	11.84	109.54
1483	-1.75	0	0	80	100	11.77	113.43
1484	-1.75	0	0	86	100	9.83	113.75
1485	-1.75	0	0	87	100	9.03	113.5
1486	-1.75	0	0	84	100	7.75	111.8
1487	-1.75	0	0	76	100	7.24	116.57
1488	-1.75	0	0	66	100	7.42	112.83
1489	-1.75	0	0	60	100	7.97	108.43
1490	-1.75	0	0	60	100	8.77	109.18
1491	-1.75	0	0	61	100	9.03	113.5
1492	-1.75	0	0	61	100	8.37	115.46
1493	-1.75	0	0	63	100	9.36	112.62
1494	-1.75	0	0	66	100	9.69	111.8
1495	-1.75	0	0	70	100	9.03	113.5
1496	-1.75	0	0	71	100	7.75	111.8
1497	-1.75	0	0	73	100	7.07	104.74
1498	-1.75	0	0	71	100	6.62	112.38
1499	-1.75	0	0	64	100	6.49	109.44
1500	-1.75	0	0	63	100	6.95	111.25
1501	-1.75	0	0	65	100	6.41	128.16
1502	-1.75	0	0	70	100	8.56	112.25
1503	-1.75	0	0	67	100	4.02	169.7
1504	-1.75	0	0	46	100	8.65	272.39
1505	-1.75	0	0	44	100	15.16	265.91
1506	-1.75	0	0	47	100	12.65	265.1
1507	-1.75	0	0	52	100	12.24	241.93
1508	-1.75	0	0	56	100	13.24	247.62
1509	-1.75	0	0	58	100	14.81	244.06
1510	-1.75	0	0	62	100	16.39	250.77
1511	-1.75	0	0	67	100	17.32	249.3
1512	-1.75	0	0	71	100	21.83	256.65
1513	-1.75	0	0	67	100	20.15	251.24
1514	-1.75	0	0	69	100	27.16	255.41
1515	-1.75	0	0	71	100	26.63	260.67
1516	-1.75	0	0	72	100	26.83	258.39
1517	-1.75	0	0	71	100	24.98	254.96
1518	-1.75	0	0	71	100	25.62	252.84
1519	-1.75	0	0	74	100	22.35	255.07
1520	-1.75	0	0	75	100	22.09	250.97
1521	-1.75	0	0	75	100	18.79	253.3
1522	-1.75	0	0	74	100	20.15	251.24
1523	-1.75	0	0	71	100	23.75	255.96
1524	-1.75	0	0	68	100	27.05	260.04
1525	-1.75	0	0	64	100	29.18	260.77
1526	-1.75	0	0	62	100	25.21	260.13
1527	-1.75	0	0	58	100	26.37	265.3
1528	-1.75	0	0	58	100	25.23	255.96
1529	-1.75	0	0	57	100	23.94	257.85
1530	-1.75	0	0	61	100	20.08	255.47
1531	-1.75	0	0	62	100	16.18	249.15
1532	-1.75	0	0	62	100	18.51	243.43
1533	-1.75	0	0	64	100	16.7	232.88
1534	-1.75	0	0	65	100	14.11	232.25
1535	-1.75	0	0	65	100	14	223.96
1536	-1.75	0	0	66	100	13.49	226.08
1537	-1.75	0	0	71	100	10.69	212.62
1538	-1.75	0	0	67	100	10.38	213.69
1539	-1.75	0	0	68	100	10.8	216.87
1540	-1.75	0	0	72	100	10.88	235.78
1541	-1.75	0	0	73	100	9	216.87
1542	-1.75	0	0	71	100	16.87	219.81
1543	-1.75	0	0	71	100	22.55	218.52
1544	-1.75	0	0	73	100	28.23	217.75
1545	-1.75	0	0	73	100	26.76	222.27
1546	-1.75	0	0	74	100	29.28	224.5
1547	-1.75	0	0	74	100	35.43	232.43
1548	-1.75	0	0	73	100	33.27	234.25
1549	-1.75	0	0	65	100	39.78	244.83
1550	-1.75	0	0	55	100	34.32	245.85
1551	-1.75	0	0	53	100	30.75	242.84
1552	-1.75	0	0	51	100	29.72	253.1
1553	-1.75	0	0	52	100	28.94	264.29
1554	-1.75	0	0	58	100	22.09	289.03
1555	-1.75	0	0	80	100	15.38	327.43
1556	-1.75	0	0	88	100	18.04	331.39
1557	-1.75	0	0	86	100	25.19	329.04
1558	-1.75	0	0	89	100	16.55	315.88
1559	-1.75	0	0	80	100	21.84	278.53
1560	-1.75	0	0	81	100	22.68	270
1561	-1.75	0	0	79	100	21.19	249.1
1562	-1.75	0	0	76	100	20.81	232.73
1563	-1.75	0	0	74	100	24.41	232.79
1564	-1.75	0	0	77	100	22.6	247.52
1565	-1.75	0	0	82	100	24.29	263.19
1566	-1.75	0	0	87	100	24.87	292.11
1567	-1.75	0	0	80	100	19.86	313.53
1568	-1.75	0	0	71	100	24.46	302.99
1569	-1.75	0	0	78	100	24.8	297.68
1570	-1.75	0	0	80	100	25.16	289.21
1571	-1.75	0	0	78	100	24.45	283.63
1572	-1.75	0	0	71	100	24.34	277.65
1573	-1.75	0	0	68	100	24.91	274.14
1574	-1.75	0	0	59	100	17.65	286.59
1575	-1.75	0	0	54	100	20.55	281.11
1576	-1.75	0	0	54	100	22.07	275.62
1577	-1.75	0	0	56	100	21.29	273.88
1578	-1.75	0	0	62	100	16.58	272.49
1579	-1.75	0	0	66	100	14.92	261.67
1580	-1.75	0	0	72	100	14.35	252.47
1581	-1.75	0	0	72	100	16.3	263.66
1582	-1.75	0	0	73	100	20.21	265.91
1583	-1.75	0	0	78	100	21.6	269.05
1584	-1.75	0	0	81	100	19.13	274.32
1585	-1.75	0	0	82	100	16.7	277.43
1586	-1.75	0	0	82	100	15.55	275.31
1587	-1.75	0	0	84	100	15.5	272.66
1588	-1.75	0	0	85	100	19.08	271.08
1589	-1.75	0	0	85	100	20.88	270
1590	-1.75	0	0	88	100	22.37	273.69
1591	-1.75	0	0	90	100	25.41	277.33
1592	-1.75	0	0	89	100	25.72	276.43
1593	-1.75	0	0	88	100	26.53	277.8
1594	-1.75	0	0	87	100	25.51	278.93
1595	-1.75	0	0	83	100	25.41	277.33
1596	-1.75	0	0	79	100	24.22	281.14
1597	-1.75	0	0	74	100	22.2	278.39
1598	-1.75	0	0	76	100	9.66	333.43
1599	-1.75	0	0	72	100	9.66	333.43
1600	-1.75	0	0	70	100	11.84	340.46
1601	-1.75	0	0	70	100	12.41	343.14
1602	-1.75	0	0	75	100	8.21	344.74
1603	-1.75	0	0	78	100	4.68	360
1604	-1.75	0	0	81	100	3.83	41.19
1605	-1.75	0	0	82	100	2.1	239.04
1606	-1.75	0	0	82	100	4.9	233.97
1607	-1.75	0	0	82	100	4.39	214.99
1608	-1.75	0	0	84	100	6.15	200.56
1609	-1.75	0	0	82	100	5.94	194.04
1610	-1.75	0	0	83	100	4.1	195.26
1611	-1.75	0	0	82	100	3.62	174.29
1612	-1.75	0	0	83	100	2.55	135
1613	-1.75	0	0	85	100	2.81	129.81
1614	-1.75	0	0	82	100	1.94	158.2
1615	-1.75	0	0	83	100	0.51	225
1616	-1.75	0	0	84	100	3.32	229.4
1617	-1.75	0	0	81	100	6.13	229.76
1618	-1.75	0	0	73	100	10.46	243.43
1619	-1.75	0	0	67	100	21.25	243.87
1620	-1.75	0	0	60	100	27.16	255.41
1621	-1.75	0	0	58	100	26.14	247.32
1622	-1.75	0	0	67	100	19.21	257.01
1623	-1.75	0	0	72	100	7.42	219.09
1624	-1.75	0	0	75	100	9.37	272.2
1625	-1.75	0	0	80	100	15.12	271.36
1626	-1.75	0	0	81	100	18.25	247.99
1627	-1.75	0	0	79	100	21.41	250.35
1628	-1.75	0	0	80	100	24.59	252.1
1629	-1.75	0	0	81	100	23.45	252.12
1630	-1.75	0	0	80	100	23.47	249.34
1631	-1.75	0	0	79	100	22.6	247.52
1632	-1.75	0	0	76	100	19.01	232.7
1633	-1.75	0	0	75	100	17.29	211.37
1634	-1.75	0	0	71	100	22.22	206.98
1635	-1.75	0	0	73	100	10.54	187.85
1636	-1.75	0	0	78	100	35.13	225
1637	-1.75	0	0	75	100	41	239.38
1638	-1.75	0	0	80	100	39.4	257.87
1639	-1.75	0	0	83	100	38.54	271.61
1640	-1.75	0	0	87	100	32.79	272.52
1641	-1.75	0	0	87	100	29.54	267.9
1642	-1.75	0	0	86	100	25.15	260.94
1643	-1.75	0	0	79	100	24.44	260.68
1644	-1.75	0	0	73	100	20.06	260.71
1645	-1.75	0	0	66	100	21.25	259.26
1646	-1.75	0	0	54	100	21.92	255.74
1647	-1.75	0	0	49	100	12.23	222.61
1648	-1.75	0	0	48	100	13.09	238.5
1649	-1.75	0	0	49	100	19.49	244.86
1650	-1.75	0	0	61	100	12.6	216.87
1651	-1.75	0	0	63	100	13.51	228.24
1652	-1.75	0	0	65	100	12.6	216.87
1653	-1.75	0	0	70	100	25.68	211.24
1654	-1.75	0	0	67	100	34.21	210.34
1655	-1.75	0	0	65	100	34.88	211.07
1656	-1.75	0	0	72	100	40.57	221.04
1657	-1.75	0	0	68	100	46.09	226.58
1658	-1.75	0	0	71	100	44.45	234.89
1659	-1.75	0	0	74	100	36.4	225.4
1660	-1.75	0	0	77	100	43.66	248.73
1661	-1.75	0	0	83	100	39.99	246.67
1662	-1.75	0	0	81	100	37.58	260.63
1663	-1.75	0	0	85	100	30.38	264.56
1664	-1.75	0	0	85	100	31.32	269.34
1665	-1.75	0	0	84	100	31.33	271.32
1666	-1.75	0	0	84	100	26.58	261.43
1667	-1.75	0	0	80	100	27.29	261.66
1668	-1.75	0	0	76	100	24.93	265.03
1669	-1.75	0	0	74	100	23.4	269.12
1670	-1.75	0	0	72	100	21.75	276.65
1671	-1.75	0	0	71	100	16.52	253.54
1672	-1.75	0	0	70	100	15.68	260.75
1673	-1.75	0	0	68	100	16.1	259.7
1674	-1.75	0	0	69	100	11.87	255.96
1675	-1.75	0	0	71	100	11.04	250.97
1676	-1.75	0	0	76	100	10.69	237.38
1677	-1.75	0	0	76	100	10.83	248.55
1678	-1.75	0	0	87	100	14.04	247.38
1679	-1.75	0	0	88	100	17.32	290.7
1680	-1.75	0	0	88	100	14.2	300.47
1681	-1.75	0	0	89	100	11.53	308.66
1682	-1.75	0	0	90	100	9.93	313.53
1683	-1.75	0	0	90	100	1.84	258.69
1684	-1.75	0	0	87	100	4.74	278.75
1685	-1.75	0	0	86	100	5.62	309.81
1686	-1.75	0	0	87	100	5.63	333.43
1687	-1.75	0	0	90	100	5.04	360
1688	-1.75	0	0	92	100	3.6	360
1689	-1.75	0	0	93	100	3.32	12.53
1690	-1.75	0	0	93	100	2.81	39.81
1691	-1.75	0	0	89	100	2.88	360
1692	-1.75	0	0	88	100	4.55	341.57
1693	-1.75	0	0	85	100	7.59	354.56
1694	-1.75	0	0	82	100	9.06	353.16
1695	-1.75	0	0	74	100	5.99	32.74
1696	-1.75	0	0	69	100	6.76	25.2
1697	-1.75	0	0	64	100	7.41	60.95
1698	-1.75	0	0	65	100	8.65	73.07
1699	-1.75	0	0	76	100	10.09	87.95
1700	-1.75	0	0	82	100	8.28	90
1701	-1.75	0	0	82	100	7.42	104.04
1702	-1.75	0	0	84	100	5.8	97.13
1703	-1.75	0	0	85	100	4.55	108.43
1704	-1.75	0	0	87	100	2.88	90
1705	-1.75	0	0	87	100	1.14	71.57
1706	-1.75	0	0	86	100	2.74	336.8
1707	-1.75	0	0	87	100	4.38	80.54
1708	-1.75	0	0	88	100	4.84	48.01
1709	-1.75	0	0	88	100	4.9	17.1
1710	-1.75	0	0	83	100	3.1	35.54
1711	-1.75	0	0	87	100	2.19	279.46
1712	-1.75	0	0	91	100	5.4	306.87
1713	-1.75	0	0	92	100	5.96	295.02
1714	-1.75	0	0	89	100	4.35	294.44
1715	-1.75	0	0	85	100	2.52	360
1716	-1.75	0	0	75	100	9.39	57.53
1717	-1.75	0	0	68	100	16.42	64
1718	-1.75	0	0	66	100	17.41	60.26
1719	-1.75	0	0	63	100	16.12	66.3
1720	-1.75	0	0	60	100	16.52	73.54
1721	-1.75	0	0	64	100	14.49	75.62
1722	-1.75	0	0	70	100	10.83	68.55
1723	-1.75	0	0	77	100	9.69	58.67
1724	-1.75	0	0	80	100	7.41	60.95
1725	-1.75	0	0	81	100	5.32	61.7
1726	-1.75	0	0	81	100	4.38	80.54
1727	-1.75	0	0	80	100	3.88	68.2
1728	-1.75	0	0	79	100	3.56	45
1729	-1.75	0	0	77	100	5.12	50.71
1730	-1.75	0	0	74	100	5.4	53.13
1731	-1.75	0	0	75	100	6.92	98.97
1732	-1.75	0	0	78	100	7.42	104.04
1733	-1.75	0	0	75	100	7.24	84.29
1734	-1.75	0	0	68	100	8.31	85.03
1735	-1.75	0	0	68	100	5.51	78.69
1736	-1.75	0	0	69	100	3.32	49.4
1737	-1.75	0	0	70	100	3.42	108.43
1738	-1.75	0	0	73	100	7.86	105.95
1739	-1.75	0	0	70	100	11.3	99.16
1740	-1.75	0	0	65	100	13.7	93.01
1741	-1.75	0	0	61	100	11.97	74.29
1742	-1.75	0	0	57	100	10.25	18.43
1743	-1.75	0	0	63	100	6.03	17.35
1744	-1.75	0	0	63	100	6.16	353.29
1745	-1.75	0	0	65	100	5.77	356.42
1746	-1.75	0	0	67	100	3.26	6.34
1747	-1.75	0	0	72	100	4.02	63.43
1748	-1.75	0	0	73	100	7.57	92.73
1749	-1.75	0	0	75	100	7.7	79.22
1750	-1.75	0	0	73	100	5.51	78.69
1751	-1.75	0	0	71	100	5.77	86.42
1752	-1.75	0	0	71	100	5.4	90
1753	-1.75	0	0	74	100	5.24	74.05
1754	-1.75	0	0	73	100	4.35	65.56
1755	-1.75	0	0	71	100	6.49	109.44
1756	-1.75	0	0	69	100	6.12	118.07
1757	-1.75	0	0	68	100	8.12	102.8
1758	-1.75	0	0	67	100	7.56	90
1759	-1.75	0	0	64	100	7.21	92.86
1760	-1.75	0	0	65	100	6.16	96.71
1761	-1.75	0	0	65	100	6.48	90
1762	-1.75	0	0	64	100	4.1	74.74
1763	-1.75	0	0	60	100	1.94	21.8
1764	-1.75	0	0	58	100	1.94	21.8
1765	-1.75	0	0	59	100	4.21	19.98
1766	-1.75	0	0	62	100	6.16	6.71
1767	-1.75	0	0	67	100	5.76	360
1768	-1.75	0	0	69	100	5.04	360
1769	-1.75	0	0	72	100	4.02	349.7
1770	-1.75	0	0	70	100	5.4	323.13
1771	-1.75	0	0	71	100	4.02	333.43
1772	-1.75	0	0	73	100	1.84	348.69
1773	-1.75	0	0	75	100	2.16	270
1774	-1.75	0	0	78	100	2.52	270
1775	-1.75	0	0	80	100	1.44	270
1776	-1.75	0	0	79	100	0.36	270